-944 -397 -230 -586 -976 -146 643 301 -857 971 518 -478 736 765 -692 798 329 -604 223 514 -836 145 -543 841 -671 -985 969 -898 828 -248 319 948 821 -99 37 -919 177 994 860 -341 -655 -94 247 880 887 -799 -129 -321 958 -477 -212 378 749 -697 248 -255 494 590 -274 -78 603 370 -738 -362
192 -397 96 384 -718 -238 253 359 109 725 14 633 889 -263 -364 -545 -747 844 585 -461 -425 987 885 -114 -257 642 545 479 811 -332 -694 935 601 -978 711 -211 -278 -704 -583 428 -97 733 -371 302 -899 544 -263 -104 647 604 813 -255 -32 -848 804 -631 557 520 740 339 41 -284 -197 612 -574 457 468 -516 673 -938 -605
-625 986 911 -573 -894 463 15 395 -878 -353 -518 -938 117 792 -408 -119 138 599 -940 -206 -924 311 506 -378 -284 -670 749
977 919 411 -81 96 -942 448 -293 -721 137 415 -958 -161 -647 -478 169 339 31 894 764 -863 -50 -445 68 -585 523 533 -814 86 -764 -140 -246 -356 -90 584 296 122 994 -214 39 -753 -918 -975 302 -148 -590 -11 642 -838 -170 520 -575 -115 423 -290 824 -920 940 -960 -69 -209 772 -785 -978 -135 38 867 327 -700
-590 28 -434 -327 999 -773 520 953 919 981 639 467 -205 771 -691 -556 223 -739 -152 803 927 96 41 -870 776 416 -864 826 -213 840 97 750 -961 -71 -240 -520 426 834 353 752 -333 -328 789 690 -61 -277 -943 20 319 557 -841 -434 498 882 14 970 396 539 -68 96 -357 -323
-681 294 750 869 627 734 709 251 -143 121 -35 -484 -258 626 512 -198 869 696 -59 846 -569 -81 36 463 -804 -693 760 -17 996 483 -103 -465 151 649 37 569 -811 -803 -55 -779 -891 -989 -70 -368 -859 967 -282 -819 -257 -298 -791 -841 -119 -75 -263 556 -562
-186 -1 592 -87 810 105 -871 526 -377 237 -314 -582 111 -471 746 642 858 137 -551 5 -154 -74 -81 -182 536 -710 144 -957 -465 -384 173 830 444 -371 -252 891 -842 314 925 -136 662 220 -271 760 -200 61 338
-12 -962 -737 -631 -362 746 -542 -689 -841 -268 -594 -794 568 911 435 -619 557 772 233 604 284 -975 -325 -519 -458 74 691 776 -378 989 -797 -1000 -472 500 -20 854 508 308 -162 -393 156 761 275 941 -684 -750
916 -715 -549 359 -409 592 657 196 -60 761 982 608 671 982 -584 -400 685 607 -342 776 -561 155 -590 -928 -740 -367 949 -1000 382 405 -407 547
-56 534 115 -810 -700 -354 685 -719 734 -879 608 -423 -932 -37 -149 -305 -504 691 -885 -978 759 -457 -289 -59 -486 -653 -660 -810 434 35 -751 965 633 -525 -242 629 372 -763 284 -144 801 674 -110 694 336 653 576 48 -437 -122 556 -365 -789 3 -131 981 -187 698 847 966 282 511 -152 322
149 481 -591 43 733 -135 -981 783 387 -172 520 -284 -705 413 885 -754 -21 41 -153 -313 399 835 208 943 620 -715 442 700 -929 131 -912 996 364 208 907 -867 491 939 -260 -712 -458 700 -458 668 694 -445 -499 855 970 -791 -94 510 441 403 -242 546 -529 55 -416 25 795 855 433 884 -930 159 869 503 -595 182 -118 -101
649 756 20 979 847 -150 -598 -864 641 -112 479 613 -40 -151 -655 963 347 323 500 778 -253 23 -412 -551 -193 743 23 -106 373 642 796 -548 -280 2 -459 -538 362 776 -903 -813 949 883 -804 -878 -278 -856 205 -650 -29 28 238 26 602 992 -406 -166 -40 847 -908 120 -881 -940 850 619 -527 751
248 -662 991 -744 866 928 925 -895 -517 -72 795 -232 987 -552 756 467 468 629 370 -607 345 -213 941 -681 974 592 -491
162 558 -593 466 -517 -568 351 -844 197 188 -226 -786 55 186 -332 -355 528 22 638 -868 114 601 493 -992 -635 594 841 877 460 -591 528 -917 260 352 -422 291 -724 856 489 780 133 -668 -653 659 -303 -606 -390 783
962 733 219 -55 492 -574 -259 416 6 188 783 -731 728 -988 -942 -418 692 169 -308 259 439 -59 47 590 -379 -307 678 573 180 -352 -641 -493 -984 51 -748 -595 453 -243 -281 -737 -356 -440 319 651 -813 -503 -289 -372 64 -859 -609 -954 419 -407 -376 118 272 -182 552 651 -722 138 857 -495 772 91 -770 -738 866 458 -414 -662
132 -245 492 275 583 -675 -198 -588 -999 279 349 -698 -126 -103 702 -269 864 -381 82 980 302 315 500 588 -700 55 541 436 92 -882 8 762 -974 974 -365 375 -695 199 444 36
136 -845 -717 444 561 -991 120 -218 -697 334 -757 707 771 -937 407 226 -833 -929 118 726 -707 -522 -410 -362 684 240 -512 -377 -133 -238 602 267 -176 800 915 -215 -847 719 -152 164 525 -458 634 567 421 -871 980 536 633 92 -69 -116
-760 133 846 -38 24 -786 -713 -363 -947 616 -615 794 68 -348 -507 87 972 305 -50 -415 71 -892 654 205 23 953 -648 -53 264 232 992 -219 -179 -179 -88
189 500 664 -66 -633 -134 742 228 922 334 952 331 376 318 159 577 167 558 -532 -416 409 382 695 -907 -640 -106 778 406 226 144 -424 -158 -792 335 -59 660 -941 -776 -145 453 952 -698 162 -176 -493 791 165 -82 546 -287 321 -163 473 794 821 -924 -390 -840 -443 429 32 -582 311 922 -250 189
345 360 811 94 522 -732 -233 25 333 -459 191 487 247 -472 -550 -445 -430 -937 -528 793 660 -705 -305 -977 -31 926 -71 -324 -524 -461 265 -79 -478 204 447 -249 572 440 196 88 359 -836 920 645 -316 68 -675 -259 -400 386 479 -512 -104 -893 983 -537 952 -441 -92 -615
-271 -908 484 100 721 174 115 -40 974 -986 354 -49 142 200 538 -410 -640 -231 991 605 326 712 517 869 -89
717 -67 454 448 506 -108 381 -887 539 -382 12 -531 401 -171 734 241 -44 661 -937 -278 561 -316 4 460 -133 98 -178 -732 52 387 564 889 -180 110 -35 -162 -60 -498 -892 955 -684 980 -300 18 656 464 -877 632 911 507 692 688 416 551 -65 783 -4 395 173 635 798 412 331 -202 -959 951 287 -602 489 -484 -252 -616 -396
802 206 223 737 -778 227 114 114 580 495 887 304 -948 -138 28 476 244 -329 -667 -898 -902 -959 543 996 -201 -78 570 710 989 624 459 187 -746 -867 446 403 -425
78 -811 -249 86 -33 -763 957 -510 164 -475 -414 371 457 -983 -766 -270 66 -329 -276 455 -167 -540 667 637 -651 -229 -821 -809 -975 -114 -821 470 -447 263 -621 560 -30 207 -128 -944 68 -908 105 435 -461 -774 -729 -319 429 -879 -597 -361 -805
-296 371 252 573 -600 881 578 -52 245 239 94 -405 -842 90 383 -112 -172 220 267 -578 -700 -215 -163 211 900 864 425 971 -153 -780 -341 -281 418 300 -493 -524 918 -191 897 342 521 758 -343 -18 -968 127 627 -9 -443 -183 91 -600 64 -934 -928 -468 425 -13 228 -984 -173 -133 -39
-10 150 -390 -986 506 643 138 20 -4 -842 -957 444 502 977 -258 -477 -268 805 910 979 846 524 282 228 460 442 -466 -892 682 748 -954 -197 791 -775 -242 213 716 750 34 -612 430 -439 157 -429 -73 737 -326 478 -733 246 -775 622 -142
958 -768 -119 -507 -99 -545 436 -376 -743 696 803 -314 -16 192 785 405 -397 155 -816 992 852 920 170 392 -72 -957 -314 -809 511 -330 -247 784 634 -323 -430 827 568 456 530 953 -782 -402 564 -614 -440
-333 313 532 539 820 429 -491 -578 715 573 -29 215 277 -784 -20 -211 -74 -781 -484 405 -877 -898 -954 897 947 -649 -244 -454 -517 620 -193 897 87 241 -989 -869 -238 -257 922 -332 -387 12 -114 -79 -31 774 -557 828 381 56 -813 956 483 -771 344 -711 758 -549 -755 812 -148 -312 677 -286 91 -565 -798 636 -296 -285 719 255 75
-305 -547 -370 -51 -136 846 -124 -248 -252 -731 -741 -24 -647 -906 25 -58 -416 411 -77 -462 -898 -238 -822 272 667 -651 -991 173 546 -808 55 -780 489
936 593 -113 -818 -419 410 624 -693 853 43 313 794 -262 141 332 -122 -221 2 -38 -554 972 202 663 -353 863 -834 755 356 273 -978 -290 690 -575 -167 144
180 331 774 229 -934 -212 -542 -135 -141 205 468 -908 -981 772 23 18 -488 41 -859 974 -884 -106 822 714 -682 -697 -923 216 -885 913 626 362 262 308 -208 938 -899
63 -587 186 -21 429 593 505 122 313 -280 35 -356 -550 -452 -615 891 712 937 -521 -654 -331 -548 275 520 -456 -390 -559 -484 -696 780 -102 -910 794 572
-974 -232 -603 568 138 710 -99 -968 -115 816 -759 -432 305 33 461 -490 -824 798 848 540 286 -969 -734 -606 752 565 -430 -133 818 965 910 834 -563 -317 -826 327 -561 618 842 154 481 9 452 150 797 402 864 -21 928 282 -503 -338 448 507 7 699
-598 -535 65 86 830 172 -440 -33 850 860 200 413 -102 317 390 -315 -966 555 -498 179 888 -637 -369 527 519 838 750 -660 -415 -545 -350 -811 -644 -804 778 983 460 -572 -420 522 -424 106 -418 -695 -431 -465 111 335 -44 -925 394 340 -806 754 -303 659 259
457 -268 435 -288 -467 -606 -66 -701 422 -887 606 209 -349 169 -389 -980 -613 -652 -571 610 -313 6 -313 -510 3 -447 8 -35 -59 702 -464 650 -104
-830 524 -496 657 -716 -30 212 -667 -845 -205 -53 48 -126 -933 586 844 -817 -829 11 -141 700 508 53 -311 -732 612
-696 977 -246 770 177 -792 -560 -412 -352 -211 943 181 -271 22 -998 122 -542 -245 -59 -909 -77 434 746 -636 554 254 -373
-685 582 -978 -473 490 429 -50 -201 -559 359 547 704 -339 28 -519 -990 -217 -245 -455 63 329 528 -257 663 -568 -586
311 559 -848 -763 419 -910 -853 402 775 712 16 -791 634 -865 831 103 2 578 -992 -306 -544 677 426 441 -554 469 -581 412 -192 -491 572 -173 -360 437 736 -963 349 244 623 524
120 -331 148 965 -907 804 -237 893 261 -741 864 -752 412 -134 873 -479 775 -750 -548 772 929 641 -255 -194 885 -255 -742 925 46 -557 947 -400 -723 295 52 877 -547 -355 -683 -609 -706 396 -45 -599 -756 -2 220 -106 418 -500 -880 1 355
-652 134 506 55 -859 784 825 -234 -952 -252 -48 -502 -653 -786 54 294 271 504 458 -509 245 -114 877 -394 -753 -353 37 904 147 737 998 169 483 -793 -635 979 -400 -658 918 -511 -2 -973 874 -785 -492 952 90 681 478 -121 1 951 699 -287 -853 -242
-154 -249 151 286 -932 -844 513 -617 -173 -320 -705 56 981 -959 946 561 305 -615 400 178 -2 -813 -350 -593 525 -38 -978 943 633 946 -159 -602 -357 -659 -943 179 723 824 -299 -791 954 258 220 781 -262 184 -884 -610 -102 608 -298 -66 -710 -880 102 -962 -792 51 -128 -152
-409 932 -552 766 -383 -31 -763 -278 808 128 -867 -122 896 753 -240 -292 524 925 -544 -440 -732 524 997 202 133 672 776 -727 -735 -109 -884 57 -584 -369 804 363 -161 -218 -514 906 -63 316 -841 135 -735 -563 13 107 -980 277 849 205 -749 580 994 436 -814 -160 942 587 675 -637 843 860 -87 602
593 -865 -481 221 -946 737 469 -772 538 187 -203 61 -285 995 857 -392 -520 -200 657 837 -590 181 -932 -294 -306 497 -297 486 263 -244 623 995 391 -220 6 -594 -93 -497 -341 48 -939 -923 805 210 -71 -772 -446 906 27 -342 299 182 -991 -942 827 618 297
-651 -178 -99 32 -720 -56 369 -792 -389 -726 145 314 755 300 167 652 171 716 981 -399 -982 649 -81 509 -244 115 852 -18
165 636 165 501 -898 902 905 -793 162 -626 186 -386 -555 578 698 499 -903 -64 449 622 891 -203 981 -12 849 655 801 -165 -498 -343 489 -891 861 495 -933 963 724 -618 250 -473 53 -329 -739 -981 320 -963 -545 -391 -479 -92 533 -96 667 -473 -871 -819 907 -620 137 -478 538 -352 -546
717 458 -518 -589 758 489 -271 -673 -835 -795 526 990 669 -834 178 286 274 -394 99 -843 666 -23 867 -60 279 -988 88 679 201 -429 -427 660 82 -249 773 20 -969
827 -447 583 574 -721 174 -264 -829 -978 -365 -15 -217 -343 37 -238 306 247 -921 629 -586 -364 165 -341 -296 890 -887 489 965 613 518 -264 -632
702 -494 -32 -52 -796 24 -447 -66 811 747 -136 759 -386 778 997 -878 940 816 -173 999 -550 -739 -959 761 37 197 -552 962 973 402 231 348 803 -374 475 53 -30 282 603 -172 166 -65 -112 10
17 -251 -778 -106 -15 69 -882 540 -314 492 -987 538 -180 -140 -825 913 -926 0 -477 807 486 604 752 385 64 -92 -223 -85 -804 -177 -483 -594 -107 -905 902 -830 402 -739 837 -463 842 866 100 65 981 978 643 940 661 -378
461 982 -99 360 59 -583 -315 -809 -97 -114 -958 -362 -579 -368 -681 898 316 -815 -895 -307 -71 -932 -158 710 -22 411 559 390 442 789 -858 -603 -779 50 817 -102 -672 218 -666 -230 -228 949 -677 -640 42 -334 249 -806 797 -80 824 643 132 810 -598 -504 -778 977 -718 -957 105 -915 -413 -290 -988 -133 168 913 961 85 917 321 -352 331
-930 -96 761 808 331 278 763 500 61 810 837 -869 808 -919 -224 639 118 667 267 741 -152 -442 -338 347 -155 507 551 290 837 -932 798 -28 941 294 -943 407 935 452 361 -339 -527 -386 403 -863 -616 677 594 147 532 26 -539 -531 -876 723 -177 332 689 115 -738 530 -912 144 -628 -988 988 295 -203 -969 -528 908 160 -516 -716 80 -51
449 -842 -250 351 -550 -904 -127 -638 -951 731 -355 640 -488 -338 -19 -784 71 332 499 920 -317 767 142 421 422 -690 -747 -368 -194 835 -609
164 -454 -749 350 -59 138 948 822 390 37 179 995 114 -306 331 -394 -812 655 -428 867 -81 370 -587 398 -307 -356 -501 725 401 886 -959 486 549 -369 929 -537 616 589 629 139 -341 748 759 -548 326 -365
-827 -47 -877 -900 -630 -963 346 -30 -534 294 -91 -180 473 -423 812 89 832 618 473 -142 -786 -352 201 -982 -472 520 -3 686 -830 -612 -151 -132 -526 -429 56 347 -153 403 -923 762 804 538 -601 -184 -17 -729 882 194 -99 -103 -587 854 -756 329 235 -136 -405 11 740 792 907 199 347
160 143 746 -771 -473 675 -975 -284 650 125 195 -954 -90 -131 182 494 -15 -791 454 334 -89 738 -879 -62 -962 -728
-696 -973 306 890 341 -888 573 792 800 724 283 11 -391 -627 -413 522 780 -590 394 -297 636 -475 -399 -790 436 132 -617 -271 962 284 677 -14 587 693 347 329 -730 -953 -78 -345 -335 286 622 -802 -428 -794 -176
-141 649 602 59 -223 310 -590 645 517 680 719 -677 -72 -365 -55 -4 -656 -216 425 -277 -913 366 -794 383 129 539 -258 -388
7 -776 -467 376 -42 -69 -892 28 -950 792 -656 972 11 96 244 -35 -269 -217 -425 331 331 222 -563 -321 -418 -629 21 -179 726 791 152 882 921 486 -24 434 617 -951 -335 686 -392 199 458 388 -838 -483 -372 -129 -465 309 -890 427 776 -851 389 -434 326 -323 887 -768 635 -86 370 -325 771 407 -358 559 -579 -468 -730
461 -523 -481 65 462 -232 183 -933 909 -329 -707 -427 531 142 -168 -162 485 439 26 574 -186 -951 896 -363 -134 947 683 -867 821 -178 -662 -577 -494 -339 67 316 613 676
-266 605 -253 395 638 -46 343 -402 -743 315 -970 -131 -285 -199 643 -550 989 766 -787 -926 847 348 -238 210 -880 -297 -715 726 93 874 208 391 -805 243 -188 -384 9 507 -838 60 -777 -787 -330 -981 -682 -320 323 -105 51 594 762 564 -122 -312 586 372 164 -974 394 -200 862 -985 -237 -982 251 271 -932 855 911 684 276 -385 884 -13 670
-454 -606 976 -584 -327 -975 741 991 -320 -323 931 -83 -430 -859 422 372 -159 556 -314 750 788 -130 -286 351 412 -932 -113 -126 -941 617 -59 838 -914 244 308 -165 462 -460 734 458 674 108 651 -311 787 564 38 -695 -625 -114
-896 -330 -973 -723 -716 -428 229 195 41 160 -952 -557 -946 -550 557 594 -188 -139 -138 562 -428 -782 884 414 -854 525 -572 -232 127 416 822 843 -658 -870 -627 -958 -262 271 820 -62 -577 -405 639 227 -111 -890 -855 641 687 -986 159 -15 -638
598 -663 138 898 512 -38 823 -329 -156 788 -393 -715 961 -666 -100 -628 -773 342 897 -638 -78 23 -921 297 -8 119 250 -982 585 -725 183 -307 -154 -347 184 471 -787 238 -720 -728 500 -499 -463 217 182 755 444 -695 -195 124 -774 -12 -236 -827 -626 953 -286 969 149 497 -239 341 -730 -493 -39 403