-832 -162 N/A -675 -567 210 N/A 325 760 N/A 280 -387 439 922 -548 N/A -544 -826 N/A 0 572 N/A -432 243 289 -735 N/A 711 350 N/A 245 -882 75 N/A 657 -654 N/A -270 605 -590 960 N/A -493 -62 -314
665 -757 456 N/A -587 25 N/A -473 N/A 897 12 -659 -820 -197 24 -376 304 N/A -838 -244 N/A 458 21 -836 N/A 335 N/A -237 N/A 727 -276 256
-566 N/A 765 -426 294 -831 800 377 476 N/A 413 -952 -292 -79 N/A -223 -712 -553 408 603 7 842 N/A -850 N/A -711 N/A -135 N/A 49 542 -922 390 N/A -562 96 N/A 980 128 N/A -899 -848 N/A -171 -536 553 N/A 195 27 -503 N/A -658 -694 -658 -477 103 -960 N/A -237 776 -302 745 N/A -549 546 N/A -355
-426 -279 -203 -170 -903 N/A -92 N/A -790 956 -155 N/A -695 N/A 590 929 -348 N/A 4 -609 625 820 -534 N/A -1000 N/A -181 -306 -767 N/A 977 -930 N/A -256 -857 418 -925 42 133 N/A 536 324 N/A -789 980 648 -69 -308 N/A 816 -614 N/A 779
26 -467 N/A -679 -10 N/A -155 -33 452 -869 N/A 667 968 N/A 513 -545 N/A -312 N/A 391 76 588 394 -332 N/A -883 -243 59 -206 -122 -296 511 N/A -150 -683 -400 242 N/A 51 -492 506 -30 N/A -61 N/A 384 N/A 263 854 115 -103 -646 -689 -810 N/A 368 725 N/A -326 N/A 16 -508
598 458 490 -850 -111 N/A 955 -556 792 N/A 916 -499 -742 N/A -664 795 N/A -439 N/A -528 609 -949 N/A -318 -818 N/A -390 819 -667 537 N/A -923 -484 840 188 -408 -135 -957 N/A 53 N/A 178 10 13 N/A -420 N/A -659 312 -916 N/A -645 -827 N/A 794 N/A -320 818 -704 768
-59 872 540 -382 N/A 17 78 -289 -629 N/A -852 -113 N/A -443 N/A 98 N/A 472 38 591 N/A -947 N/A -27 -539 -658 N/A 524 -242 616 N/A 131 -484 N/A 544 -900 N/A -54 -206 207 -224 959 -424 -92 777 -945 -441 N/A -482 813 459 N/A -227 -735 -7 -368 N/A 53
-531 N/A -597 92 -521 -800 375 N/A 161 -408 N/A -176 N/A -512 845 N/A -26 -387 435 N/A -952 N/A -860 887 614 N/A 364 -261 -609 -789 511 723 818 -626 -89 N/A 76 18 -878 -186 716 N/A -401 N/A -304 806 -880 467 -381 -664 N/A 749 N/A -741 289 N/A -202 N/A 13 558 -269 -346 -572 -196 N/A -350 N/A -689
-555 91 N/A -51 289 N/A -71 -236 561 N/A -110 270 328 -404 599 972 N/A 541 N/A -809 N/A -807 145 -472 881 979 756 -270 N/A 316 N/A 720 -595
-225 489 -519 N/A -534 557 N/A 311 N/A -585 -380 N/A -600 -834 N/A -602 -906 133 -892 -552 N/A -766 N/A -361 821 N/A 850 -153 N/A 355 N/A 930 N/A 845 462 315 507 309 N/A 366 800 N/A -190 567 -969 -739 -371 -734 568 -859 -680 290 315 N/A 811 -949 -662 227 N/A 900 -2 N/A 25 -422 -721 751 592 N/A 976 -704
121 N/A -798 N/A 421 -877 -538 -845 N/A 442 -866 N/A 894 165 96 651 N/A 283 639 N/A -770 N/A 406 -200 N/A -273 -603 N/A 429 -182 715 -796 -974 N/A -240 -280 83 N/A 510 -286 N/A 758 -732 11 -649 -410 -934 N/A 990 731 206 N/A -82 -383 288 758 N/A -308 -537 -306 199
210 988 N/A 295 N/A -703 -103 N/A 398 666 -392 N/A -237 644 -533 -319 241 -159 963 246 N/A -298 -377 -239 N/A 717 N/A 790 -895 -43 N/A 534 554 N/A 59 792 -146 N/A -611 -938 628 395 724 N/A -846 N/A -136 -300
-637 N/A 529 -90 -497 576 -438 N/A 983 N/A -234 -286 -784 N/A -158 184 -255 755 N/A 929 548 -399 N/A -959 -130 -117 985 585 758 -610 951 N/A 556 N/A -248
-478 N/A -191 -477 -396 N/A 33 -507 513 N/A -827 556 908 N/A -461 702 N/A 993 607 -567 126 N/A 97 136 626 863 -39 N/A -236 240 N/A -273 838 N/A 251 538 -887 N/A -152 -610 -799 -144 N/A 678 N/A -493 743 741 -335 -474 -586 304 N/A 457 900
-549 -700 N/A -525 N/A -483 771 N/A 573 -791 N/A -486 -594 N/A 577 951 709 -836 N/A -4 789 -213 N/A 560 860 N/A -759 -420 N/A -713 -477 -540 N/A 111 644 -200 103 -818 N/A -696 508 -871 -486 521 N/A 619 -493 405 N/A -694 46 58 913 -329 -861 N/A 463 -792 -238
625 N/A -411 525 N/A 537 N/A 987 -25 287 837 689 579 -641 N/A -685 N/A -465 -134 141 N/A -340 225 -974 -644
274 -867 N/A -802 -729 -574 54 486 N/A -676 308 N/A -714 -425 -96 -20 688 311 182 N/A 253 N/A 352 N/A 960
916 -180 -648 N/A 603 884 622 N/A 854 N/A -46 N/A 427 -142 -387 N/A 448 -485 43 -417 641 N/A -154 82 99 N/A 175 742 N/A -363 692 453 962 N/A -451 -922 982 N/A -802 922 N/A 364 -358 25 N/A -723 -481 67 -247 -327
-809 N/A 989 395 885 N/A -290 93 264 -589 -537 -684 634 N/A 914 562 568 -819 814 780 811 -316 266 N/A 241 996 N/A 533 -886 N/A 226 N/A 121 336 N/A 821 -378 N/A 365 N/A 418 -973 586 -778 N/A -779 N/A -762 787 N/A -115 0 583 N/A 550 -261 97
-225 413 N/A -470 N/A -377 -171 N/A 649 N/A -577 911 -630 239 N/A 993 -486 210 935 -427 263 N/A 184 -998 -422 179 N/A 566 -874 -746 10 N/A 520 -11 N/A 423
-21 549 N/A -753 732 N/A -364 -803 N/A 374 -175 -148 N/A -181 1 -561 N/A -626 -229 -779 580 109 -324 -688 N/A -146 942 -441 382 760 -173 188 N/A 989 -412 -532 -344 N/A 54 N/A 68 N/A 477 N/A 212 -543 -443 N/A -599
-290 286 150 N/A 804 542 657 563 N/A -523 -124 N/A 299 587 940 943 -211 -952 N/A -197 839 N/A 852 817 N/A 659 N/A -73 N/A 645 -90 736
550 -678 N/A -129 104 N/A -161 N/A 494 -808 893 443 532 465 -974 N/A -649 N/A -109 565 -788 N/A 633 -717 -951
153 -383 -76 N/A 498 N/A -707 -362 258 N/A 245 N/A -723 N/A 434 -19 N/A 38 -696 -230 318 -69 82 N/A -181 N/A -16 N/A -708 N/A -86 -427 969 497 N/A 929 -332 755 N/A -154 -553 -868 -124 336 N/A 461 -840 N/A -288 N/A 853 N/A -553 837 68 -98 514 447 127 -482 14 586 930 619 -540 380
-70 -601 617 -993 N/A 414 689 516 -909 N/A 545 -988 -985 541 N/A 380 N/A -587 N/A 506 189 270 478 N/A -882 742 650 N/A 576 861 19 N/A -831 -598 N/A -163 -798 174 88 N/A -793 N/A -137 182 N/A 519 251 934 -891 720 -752
-967 712 -624 -661 N/A 83 359 N/A -384 -838 -700 30 N/A -890 158 -119 N/A -829 436 N/A -913 N/A -827 -649 771 N/A -390 -288 352 782
25 -600 651 N/A 953 220 N/A 335 -457 N/A -654 382 525 -647 N/A 653 -120 604 552 N/A -24 676 N/A 197 N/A 157 -944 N/A -401 N/A -137 898 N/A -393 -406 912 935 N/A -669 -904 -448 -824 521 -779 -126
-929 N/A -431 -423 942 569 N/A 593 946 -54 -684 -98 -359 -971 N/A 254 N/A 458 -378 430 -377 -995 348 -454 468 -11 N/A 553 103 -484 N/A 495 -478 N/A -251 -434 88 100 N/A -658 N/A 646 -951 -218 N/A 373 N/A 268 -330 N/A 891
-217 -125 N/A 642 -732 -387 -929 N/A -566 116 N/A 71 -885 N/A 756 N/A 784 624 -886 -289 -841 500 N/A 619 573
-184 N/A -766 -691 N/A -282 N/A 322 384 491 705 -742 -840 -138 N/A -206 -961 -884 N/A 664 N/A 590 804 N/A -454 82 -522 261 281 782 -575 370 903 N/A -847 N/A 538 N/A -265 231 -420 -767 -935 165 N/A -781 -158 112 N/A 963 201 N/A 28
468 -192 529 N/A 747 513 N/A -373 842 58 -960 N/A 470 306 N/A 161 678 N/A 449 -993 N/A 694 N/A 451 -471 N/A 287 N/A -276 472 386 -93 43 103 N/A 499 -639 -645 -354 723 538 N/A -752 907 -495 N/A 817 -218 N/A 535 3 N/A 70 4 638 497 -609 N/A -467 -432 96 N/A 184 -747 -658 404 158 N/A -745 -312
-340 -749 428 -372 N/A 766 4 -768 28 328 N/A -746 939 N/A 536 -102 -159 325 -532 32 760 N/A 892 N/A -533 367 N/A -275 -142 851 21 691 N/A -618 -411 N/A -568 N/A -739 632 N/A 189 143 -154 N/A -21 -572 891 -978 N/A 652
-318 -390 -607 345 N/A 22 N/A -603 835 443 211 604 -476 N/A 273 -714 861 939 N/A -453 780 N/A 161 N/A -114
296 N/A -875 793 11 N/A -844 -266 -832 N/A -697 288 N/A 93 N/A 733 N/A 396 849 N/A 432 -919 -137 -392 N/A 862 879 396 762 -244 752 940 435 -163 N/A 561 155 N/A -513 -201 632
-472 N/A -663 N/A -28 754 N/A -31 609 -608 884 730 -388 -1 -173 202 -951 N/A 653 N/A -464 36 N/A 489 505 N/A -735 -390 N/A 347 -546 -29 N/A -354 N/A -420 N/A -349 381 N/A -701 -145 893 157 397 226 -348 554
-360 98 N/A 123 N/A 247 -708 N/A -234 378 N/A 623 -408 401 -332 N/A -48 -950 -512 533 42 882 291 937 432 629 -650 458 N/A 102 -22 N/A -440 158 -615 283 68 N/A 558 N/A 537 N/A 864 N/A 206 N/A -570 -159 -453 -434 N/A -243 714 406 165 N/A 149 209 N/A 804 -427
-514 N/A 115 309 473 -922 624 718 -231 -745 -118 705 -494 N/A 728 975 -641 816 N/A 79 N/A 478 N/A -528 N/A 568 N/A 84 -623 513 N/A 394 498 N/A 612 779 N/A -946 -976 -469 N/A -10 N/A 257 -408 -11 629 N/A -283 -433 -536 -534 N/A 120 -775 -236 N/A 555 N/A -856 36 400 877 773 782 -14 814 N/A -942 -809 455
139 -72 N/A -278 302 409 N/A -503 -397 -540 764 N/A -592 N/A 6 424 -378 830 -420 625 -314 -478 N/A -169 913 N/A -487 N/A -396 -140 -847 N/A 912 -119 N/A -261 N/A -939 N/A 97 N/A -47 -213 -44 N/A 151 -216 -141 665 N/A -887 N/A 662 -329 -642 -217 -251 -441 976 N/A 838 -767 -664 636 -569 -998 50 130 N/A -99 N/A 612 -588 12 -390
229 N/A 507 N/A 625 N/A -125 N/A -419 N/A -780 -80 76 -249 N/A 304 N/A -461 N/A 560 -326 -915 966 N/A -399 465 N/A -638 N/A -401 -950 -182 472 -649 -914 -809 N/A -332 -950 -702 N/A 69 N/A -830 128 -676 N/A 575 -427 -161 -925 487 510 -34 -772 -425 N/A 685 813 21 -310 504 129 -385 -466 N/A -664 -30
656 N/A 782 923 -580 879 -980 610 -971 N/A 322 -502 N/A -640 -555 N/A -909 -547 51 -318 107 462 -513 -560 N/A 482 -384 N/A -845 -193 -114 -712 88 67 N/A -688 254 N/A 181 162 N/A 9 N/A -485 N/A 791 -590 N/A 215 N/A 269 605 -467 N/A -669 139 -738 N/A 800 -406 -694 -272 531 N/A 256 -127 N/A 157 306 -964
-165 -51 -661 835 453 302 143 793 N/A -231 N/A -876 N/A -438 182 657 -162 N/A 946 -471 N/A 169 N/A -855 N/A -179 -644 N/A -82 -832 753 N/A 905 58 N/A -77 N/A 680 -526 -319 -930 153 -583 727
456 151 548 673 56 N/A -978 129 -510 124 448 286 N/A 456 270 N/A -463 -789 N/A -112 790 N/A -248 -847 -314 -651 81 N/A -16 -364 N/A 928 N/A -715 N/A -122 706 N/A -47 127 353 257
241 -267 -271 N/A 562 -144 298 -325 -366 -882 -949 -398 216 -83 -196 418 889 849 N/A -61 -168 -444 N/A -713 -242 -540 46 -795 N/A -758 -262 559 932 N/A -104 N/A 82 N/A -126 -870 -164 87 N/A -894 N/A 287 N/A 168 N/A 401 -743 -147 N/A 658 910 678 N/A -958 N/A 570 -857 N/A -190 N/A -391 -303 -684 316 N/A 615 N/A -727 -207
379 783 423 N/A 807 365 N/A 853 -421 187 502 -509 -104 7 -359 843 N/A -319 N/A 459 N/A 812 -970 N/A 114 -816 -421 N/A -520 374 N/A 14 -392
55 -813 -846 -352 -377 82 -415 939 -180 -77 N/A 286 N/A 682 N/A -816 N/A -916 -240 -630 149 N/A 333 N/A -393 N/A 197 -699 -417 645 N/A -964 -411 957 -907
-648 -457 -401 N/A -847 -863 180 -689 347 -542 N/A 781 N/A -157 N/A -27 N/A 178 -47 785 -957 662 -25 489 N/A 281 -303 -1 675 -478 -323 N/A -533 -594 778 N/A -795 654 -715 -893 -909 N/A -290 N/A 671 N/A 415 307 N/A 352 N/A -288 -393 N/A 789 695 771 -58 906 120 N/A 942 -271 -820 N/A -190
-702 -332 411 907 -728 N/A -665 27 -189 N/A 918 -215 N/A 721 235 N/A -735 -86 N/A -719 625 N/A 654 542 366 N/A -338 -285 -362 -291 -414
407 550 236 959 N/A -517 -495 N/A -956 N/A -138 -16 -687 343 N/A -919 N/A 919 -775 N/A -265 69 150 -513 144 -652 N/A 556
-987 523 921 799 132 N/A 784 415 664 365 175 226 N/A 363 16 380 -997 N/A 883 N/A -612 -899 N/A -823 N/A 575 774 -913 -279 N/A -229 496 134 N/A 826 -668 N/A 204 N/A -637 849 72 N/A -519 772 N/A 482 N/A 357 -687 565 -909 816 -567 722 307 N/A -547 811
-245 N/A -261 N/A 101 N/A 850 337 -649 N/A -658 -234 972 N/A -475 426 N/A -701 N/A 420 -495 -12 -520 -822 273 30 531 -71 758 484 N/A 294 -808 -658 -431 N/A 615 -845 -642 N/A 567 N/A 46 945 N/A -319 -676 -728 -680 439 946 -697 487 N/A 366
685 777 N/A 682 -257 -932 706 N/A 245 934 864 -667 N/A 515 -179 734 N/A 973 -192 209 N/A 479 -77 -906 -963 N/A -518 685 N/A -159
-277 N/A 804 -207 N/A -336 N/A 738 -359 N/A 395 -973 -15 887 N/A 892 756 -317 168 -68 726 9 259 N/A 84 342 861 255 -758 125 N/A -280 N/A 874 -992 -132 N/A 545 64 57 N/A 695 70 N/A -153 -685 -669
915 367 -664 -673 -515 N/A 321 N/A -289 236 N/A -993 -250 521 646 N/A 461 -105 -451 194 N/A 703 N/A 900 -771 N/A -111 263 307 N/A 605 -76 910 N/A -128 N/A 886 -643 -621 356 N/A -231 685 461 -249 416 -534 200 N/A -595 820 N/A 456 475
-587 -40 N/A -315 924 -310 N/A -681 162 N/A -232 N/A 232 192 N/A -510 -384 N/A 288 290 497 -574 N/A -721 635 N/A -24 16 N/A 740 604 658 -364 N/A 304 845 319 785 N/A -754 -217 858 -547 -362 146 -410 117 N/A 354 -519 -202 422 N/A 139 -758
-1000 265 -97 598 N/A 288 N/A -203 157 -347 N/A -61 445 498 -9 6 -136 N/A -53 -146 N/A -796 -902 151 N/A 537 N/A 554 924 -404 391 -349 N/A -158 403 -330 N/A -643 N/A 257 -252 -863 N/A 463 780 -824 599 569 N/A -563 N/A 677 -530 660 -78
653 -848 -204 -440 735 -697 -947 -108 165 N/A -90 489 N/A 217 -406 N/A 272 -559 N/A -393 N/A -989 N/A -440 915 N/A -518 5